{
   "model-182": 0.9501953125,
   "model-364": 0.9501953125,
   "model-546": 0.94970703125
}